49.1159  91.2594
93.3991  37.4616
71.3293  41.9363
23.5618  36.7408
21.0883  53.9370
42.6314  92.4363
25.4935  76.8932
36.5678  31.7502
80.9055  77.7164
 5.1181  48.3006
 5.0397  92.4886
18.6095  74.7923
72.0549  55.7953
60.4109  61.6465
31.5169  57.9203
19.2748  86.6686
39.5609  11.6674
37.2753  28.7374
11.1430  20.0467
63.6871  74.5400
35.9601  23.6629
12.9050  91.5322
87.4388  72.3636
75.3799  92.5924
94.1288   9.5534
84.5547  38.2459
35.9092  79.5539
99.9096  70.8715
73.6025  68.4862
26.4810  51.9634
19.9111  67.3742
54.5980  78.3046
12.0289   2.5164
70.0832  85.8221
51.8512  12.6465
54.7941  10.9229
38.3939  64.9986
70.1347  68.2784
28.8513  93.1184
92.0468  21.3010
29.6628   8.1071
44.9938  66.9745
37.0245  81.9586
64.5778  30.2295
17.4754  26.7482
 3.6872  64.7198
43.5004  96.6529
85.4473  86.6355
76.5378  21.1317
97.7547  26.1049
20.3426  37.0670
18.8007  66.7670
51.3495  25.2656
60.7466  58.2604
69.4961  72.4403
19.5896  28.6570
 2.9073  73.6412
23.2646  94.2801
42.9084  62.0780
77.1547  62.8829
82.0275   3.3730
16.4361  52.8203
76.9619  19.5057
88.0646   5.6362
60.9253  14.0599
 1.7130  52.3942
85.3608  54.8535
 8.5977   5.1193
79.6931  32.6330
89.8865  83.8744
79.6116  55.2336
62.2610  57.2836
89.3182  55.4553
37.2061  69.7213
11.2376  87.8787
 2.7337  51.9258
97.8807  64.9393
31.4961  63.4507
54.8697  35.8054
57.6283  95.1574
51.5712  42.9483
 6.1586  67.8590
76.3527   0.7696
 3.4585  99.2629
 7.1703  28.2465
44.9543  75.5188
55.0073  33.2779
47.2051  55.9629
77.6301  90.2640
65.4513  60.0626
54.1906  74.4222
14.8709  34.0967
57.3973  16.4419
94.0326  71.7695
59.2933  19.3020
72.4135  67.7417
59.1201  35.4234
70.3537  15.9699
27.3154  36.8009
29.4496  25.7833